solver_type L2R_L2LOSS_SVC
nr_class 2
label 3 5
nr_feature 129
bias 0.000000000000000
w
0.02505584790919235 
0.02505584790919235 
0 
0 
0 
0 
0 
0 
0 
0 
0 
0 
0 
0 
0 
0 
0 
0.02505584790919235 
0 
0 
0 
0 
0 
0 
0 
0 
0 
0 
0 
0 
0 
0 
0 
0 
0 
0 
0 
0 
0.02505584790919235 
0 
0 
0 
0 
0 
0 
0 
0 
0 
0 
0 
0 
0 
0 
0 
0 
0 
0.2171959231509344 
-0.1921400752417420 
0.02505584790919235 
0 
0 
0 
0 
0 
0 
0 
0 
0 
0 
0 
0 
0 
0 
0 
0 
0 
0 
0 
0 
0 
0 
0 
0 
0 
0 
0 
0 
0 
0 
0 
0 
0 
0 
0 
0 
0 
0 
0 
0 
0.09260053555426566 
0 
-0.06754468764507330 
0 
0.02505584790919235 
0 
0.02505584790919235 
0 
0 
0 
0 
0 
0.02505584790919235 
0 
0 
0 
0 
0 
0 
0 
0 
0 
0.02505584790919235 
0 
0 
0 
0 
0 
0 
0 
0 
